seed = 1
alpha = 0.5
beta_f = 0.5
beta_var = 1.0
k = 5
lambda_reg = 1e-06
num_restarts = 15
raw_samples = 256
n_init = 8
n_iter = 50
device = 'cuda'
dtype = 'double'

x_best_0 = -0.0634327016163544
x_best_1 = 0.005207665969911219
y_best_mean = 0.06837330084934111
var_best = 0.004178814550683957
