seed = 1
alpha = 0.5
beta_f = 1.0
beta_var = 0.5
k = 5
lambda_reg = 1e-06
num_restarts = 15
raw_samples = 256
n_init = 8
n_iter = 50
device = 'cpu'
dtype = 'double'

x_best_0 = -0.015756073530713243
x_best_1 = -0.06070687468332549
y_best_mean = 0.08282255665677991
var_best = 0.003267944374439658
