seed = 1
alpha = 0.0
beta_f = 1.0
beta_var = 1.0
k = 5
lambda_reg = 1e-06
num_restarts = 15
raw_samples = 256
n_init = 8
n_iter = 50
device = 'cuda'
dtype = 'double'

x_best_0 = -0.001629966344882624
x_best_1 = -0.0402468181282733
y_best_mean = 0.06540614497256891
var_best = 0.0035793729166227837
