seed = 1
alpha = 0.5
beta_f = 1.0
beta_var = 0.5
k = 5
lambda_reg = 1e-06
num_restarts = 15
raw_samples = 256
n_init = 8
n_iter = 50
device = 'cuda'
dtype = 'double'

x_best_0 = -0.007285742996968058
x_best_1 = -0.04777950690144192
y_best_mean = 0.06655193336400442
var_best = 0.0037807015477860696
