seed = 1
alpha = 0.5
beta_f = 0.5
beta_var = 1.0
k = 5
lambda_reg = 1e-06
num_restarts = 15
raw_samples = 256
n_init = 8
n_iter = 50
device = 'cpu'
dtype = 'double'

x_best_0 = 0.03597207655094014
x_best_1 = -0.09731477800080396
y_best_mean = 0.08737537452625468
var_best = 0.004181789976186804
