seed = 1
alpha = 0.5
beta_f = 0.5
beta_var = 0.5
k = 5
lambda_reg = 1e-06
num_restarts = 15
raw_samples = 256
n_init = 8
n_iter = 50
device = 'cpu'
dtype = 'double'

x_best_0 = 0.03545621088198346
x_best_1 = -0.09762156202661083
y_best_mean = 0.0873830940237378
var_best = 0.004184404587076776
