seed = 1
alpha = 0.0
beta_f = 0.5
beta_var = 1.0
k = 5
lambda_reg = 1e-06
num_restarts = 15
raw_samples = 256
n_init = 8
n_iter = 50
device = 'cpu'
dtype = 'double'

x_best_0 = 0.036782312307799506
x_best_1 = -0.0985839246171047
y_best_mean = 0.08747612593524076
var_best = 0.004216660257856551
